1	 -166.93	 -28.503	     LPA
2	 -13.128	   -28.6	     RPA
3	  89.995	  -24.73	      Nz
4	  109.33	 -4.4943	     Fp1
5	  89.927	 -1.1121	     Fpz
6	  70.615	 -4.4981	     Fp2
7	  128.65	 -6.8772	      B3
8	  113.68	  14.198	      B1
9	  89.836	  23.677	      Bz
10	  65.323	  14.396	      B2
11	  51.331	 -6.8739	      B4
12	  148.85	 -7.9186	      F7
13	  143.31	  11.886	      F5
14	  133.41	  29.989	      F3
15	  115.78	  43.664	      F1
16	  89.694	  48.639	      Fz
17	   62.87	  42.612	      F2
18	  46.332	  28.531	      F4
19	  36.268	  10.996	      F6
20	  31.306	 -7.9902	      F8
21	  170.08	 -7.7331	      D7
22	  166.43	  17.115	      D5
23	  159.32	   40.81	      D3
24	  142.63	  61.817	      D1
25	  89.213	  72.832	      Dz
26	  37.237	  60.996	      D2
27	  20.848	  39.847	      D4
28	  14.072	  16.596	      D6
29	  10.671	 -7.7497	      D8
30	 -169.22	 -6.2258	      T3
31	 -170.27	  19.698	      C5
32	 -169.91	  44.112	      C3
33	 -164.56	  67.318	      C1
34	 -87.496	   84.77	      Cz
35	 -14.331	  66.261	      C2
36	 -9.2246	  43.077	      C4
37	 -8.7039	  19.083	      C6
38	 -10.012	 -6.2684	      T4
39	 -151.52	 -4.1816	      E7
40	 -149.68	  18.554	      E5
41	 -143.51	  39.697	      E3
42	  -126.9	   57.07	      E1
43	 -89.533	   64.55	      Ez
44	 -50.806	   56.19	      E2
45	 -34.997	  38.886	      E4
46	 -28.955	  18.144	      E6
47	  -28.03	 -4.2075	      E8
48	  -134.6	  -1.381	      T5
49	 -131.41	  15.591	      P5
50	 -123.93	  30.502	      P3
51	 -109.57	  41.435	      P1
52	 -89.771	  45.525	      Pz
53	 -68.368	  41.541	      P2
54	 -54.679	  30.432	      P4
55	 -48.191	  15.422	      P6
56	 -45.005	 -1.4082	      T6
57	 -119.35	  1.4294	      H3
58	  -109.9	  19.112	      H1
59	 -89.879	  26.349	      Hz
60	 -69.962	   18.73	      H2
61	 -60.308	  1.3916	      H4
62	 -104.66	  4.3487	      O1
63	 -89.946	  7.2701	      Oz
64	   -75.1	  4.3361	      O2
65	 -152.41	 -34.992	      M1
66	 -27.682	 -35.076	      M2
67	 -163.81	 -37.181	      A1
68	 -16.252	 -37.281	      A2
